11111111111111111111111111111111111
11111111111111111111111111111111111
11111111111111111111111111111111111
11111111111111111111111111111111111
11111111111111111111111111111111111
11111111111111111111111111111111111
11111111111111111111111111111111111
11111111111111111111111111111111111
11111111111111111111111111111111111
11111111111111111111111111111111111
11111111111111111111111111111111111
11111111111111111111111111111111111
11111111111111111111111111111111111
11111111111111111111111111111111111
11111111111111111111111111111111111
11111111111111111111111111111111111
11111111111111111111111111111111111
11111111111111111111111111111111111
11111111111111111111111111111111111
11111111111111111111111111111111111

00000000000000000000000000000000000
00000000002000000000020000020020000
00000000000000000000000000000000000
00000002000000000000000020000000000
00000000000000000000000000000000000
00000000002000000000000000000000000
00000000000000000000000000000000000
00000000000000000000000000020000000
00000000000000000000000000000000000
00000002000000000000000000000000000
00000000000000000000000000000000000
00000000002222222220000002000000000
00000000000000000000000000000000000
00000002000000000000000000000002000
00000000000000000000000000000000000
00000000000000000000000000000000000
00000200000000000000000000000000000
00000000000000000000000000000000000
00000000002000000200000000000200000
00000000000000000000000000000000000
